
//数据抄读（主动发送）
2017-01-21 23:51:13 发送→ 68 E2 00 E2 00 68 4B 00 02 34 12 04 10 E0 00 00 01 00 1F 6B BC 0A 10 00 68 61 10 01 30 12 15 68 11 04 33 33 34 33 7B 16 00 00 00 00 00 00 00 00 00 00 00 00 00 00 00 00 00 13 51 23 21 05 A1 16 
2017-01-21 23:51:19 接收← 68 AE 00 AE 00 68 A8 00 02 34 12 04 10 E0 00 00 01 00 1F 14 00 68 61 10 01 30 12 15 68 91 08 33 33 34 33 AB 39 33 33 49 16 4F 00 00 06 50 23 21 05 AE 16 
02001234	1	000000000225			东软集中器
02001234	2	151230011061		000006.78	东软集中器


//暂停抄表 F49
2017-01-21 23:56:07 发送→ 68 8E 00 8E 00 68 4A 00 02 34 12 04 05 F1 00 00 01 06 01 00 00 00 00 00 00 00 00 00 00 00 00 00 00 00 00 01 07 56 23 21 05 3B 16 
2017-01-21 23:56:11 接收← 68 52 00 52 00 68 A8 00 02 34 12 04 00 E1 00 00 01 00 4F 00 01 58 54 23 21 05 1B 16 


//恢复抄表 F50
2017-01-21 23:56:48 发送→ 68 8E 00 8E 00 68 4A 00 02 34 12 04 05 F2 00 00 02 06 01 00 00 00 00 00 00 00 00 00 00 00 00 00 00 00 00 02 48 56 23 21 05 7F 16 
2017-01-21 23:56:51 接收← 68 52 00 52 00 68 A8 00 02 34 12 04 00 E2 00 00 01 00 4F 00 02 39 55 23 21 05 FF 16 

//重新抄表 F51
2017-01-21 23:56:59 发送→ 68 8E 00 8E 00 68 4A 00 02 34 12 04 05 F3 00 00 04 06 01 00 00 00 00 00 00 00 00 00 00 00 00 00 00 00 00 03 59 56 23 21 05 94 16 
2017-01-21 23:57:02 接收← 68 52 00 52 00 68 A8 00 02 34 12 04 00 E3 00 00 01 00 4F 00 03 50 55 23 21 05 18 16 

//电表抄读信息
2017-01-22 00:01:44 发送→ 68 5A 00 5A 00 68 4B 00 02 34 12 04 0C E4 01 01 02 15 02 01 02 15 04 44 01 00 22 05 2A 16 
2017-01-22 00:01:47 接收← 68 F2 00 F2 00 68 A8 00 02 34 12 04 0C E4 01 01 02 15 01 00 00 00 01 33 00 00 22 E1 17 00 00 00 00 00 00 00 02 01 02 15 1F 00 00 FF 00 EE EE EE EE EE EE 34 00 00 22 E1 17 01 4F 00 04 34 00 00 22 05 15 16 
测量点号	表号	端口	中继深度	相位	品质	最近一次抄表标志	最近一次抄表成功时间
1	000000000225	1	0	00	00	1	2017-01-22 00:00:33
2	151230011061	31	0	00	FF	0	1900-01-01 00:00:00

//断电
2017-01-22 00:05:34 发送→ 68 12 01 12 01 68 4B 00 02 34 12 04 10 E5 00 00 01 00 1F 6B BC 0A 1C 00 68 61 10 01 30 12 15 68 1C 10 35 6A 39 35 34 33 33 33 4D 33 33 33 33 63 45 CC 2C 16 00 00 00 00 00 00 00 00 00 00 00 00 00 00 00 00 05 34 05 00 22 05 CC 16 
2017-01-22 00:05:39 接收← 68 8E 00 8E 00 68 A8 00 02 34 12 04 10 E5 00 00 01 00 1F 0C 00 68 61 10 01 30 12 15 68 9C 00 35 16 4F 00 05 27 04 00 22 05 3B 16 

//通电状态查询
//电表151230011061的继电器状态为：1 断开
2017-01-22 00:06:12 发送→ 68 E2 00 E2 00 68 4B 00 02 34 12 04 10 E6 00 00 01 00 1F 6B BC 0A 10 00 68 61 10 01 30 12 15 68 11 04 36 38 33 37 86 16 00 00 00 00 00 00 00 00 00 00 00 00 00 00 00 00 06 12 06 00 22 05 55 16 
2017-01-22 00:06:16 接收← 68 A6 00 A6 00 68 A8 00 02 34 12 04 10 E6 00 00 01 00 1F 12 00 68 61 10 01 30 12 15 68 91 06 36 38 33 37 83 33 BE 16 4F 00 06 04 05 00 22 05 33 16 

//通电 
2017-01-22 00:07:15 发送→ 68 12 01 12 01 68 4B 00 02 34 12 04 10 E7 00 00 01 00 1F 6B BC 0A 1C 00 68 61 10 01 30 12 15 68 1C 10 35 6A 39 35 34 33 33 33 4E 33 33 33 33 63 45 CC 2D 16 00 00 00 00 00 00 00 00 00 00 00 00 00 00 00 00 07 15 07 00 22 05 B5 16 
2017-01-22 00:07:28 接收← 68 8E 00 8E 00 68 A8 00 02 34 12 04 10 E7 00 00 01 00 1F 0C 00 68 61 10 01 30 12 15 68 9C 00 35 16 4F 00 07 15 06 00 22 05 2F 16 

//通电状态查询
//电表151230011061的继电器状态为：0 通电
2017-01-22 00:07:56 发送→ 68 E2 00 E2 00 68 4B 00 02 34 12 04 10 E8 00 00 01 00 1F 6B BC 0A 10 00 68 61 10 01 30 12 15 68 11 04 36 38 33 37 86 16 00 00 00 00 00 00 00 00 00 00 00 00 00 00 00 00 08 56 07 00 22 05 9E 16 
2017-01-22 00:08:00 接收← 68 A6 00 A6 00 68 A8 00 02 34 12 04 10 E8 00 00 01 00 1F 12 00 68 61 10 01 30 12 15 68 91 06 36 38 33 37 33 33 6E 16 4F 00 08 48 06 00 22 05 DC 16 


//设置采集器周期等待定把~~~~
