//添加表计到服务器
2017-01-23 23:22:30 发送→ 68 FE 00 FE 00 68 4A 00 02 34 12 04 04 F1 00 00 02 01 01 00 03 00 03 00 7F 1E 24 31 12 45 23 01 FF FF FF FF FF FF 00 09 00 00 00 00 00 00 50 00 00 00 00 00 00 00 00 00 00 00 00 00 00 00 00 01 30 22 23 23 05 F3 16
2017-01-23 23:22:33 接收← 68 52 00 52 00 68 A8 00 02 34 12 04 00 E1 00 00 02 00 4F 00 01 21 21 23 23 05 B4 16


//读取集中器中的表计列表
2017-01-23 23:40:21 发送→ 68 6A 00 6A 00 68 4B 00 02 34 12 04 0A E5 00 00 02 01 03 00 01 00 02 00 03 00 05 21 40 23 23 05 43 16
2017-01-23 23:40:24 接收← 68 32 01 32 01 68 A8 00 02 34 12 04 0A E5 00 00 02 01 02 00 01 00 01 00 C1 02 25 02 00 00 00 00 00 00 00 00 00 00 04 09 00 00 00 00 00 00 F5 02 00 02 00 7F 1E 61 10 01 30 12 15 FF FF FF FF FF FF 01 09 00 00 00 00 00 00 50 4F 00 05 12 39 23 23 05 7E 16


读取集中器中的表计列表（回复）；第24页---》29页。
00000201========F10
0200==========本次电能表/交流采样装置配置数量 n
0100===========电能表/交流采样装置序号
0100===========所属测量点号
C1=============通信速率及端口号
02===============通信协议类型
250200000000=========通信地址
000000000000=========通信密码
04===========电能费率个数
09===========有功电能示值整数位及小数位个数
000000000000=========所属采集器通信地址
F5===========用户大类号及用户小类号

0200===========电能表/交流采样装置序号
0200===========所属测量点号
7F=================通信速率及端口号
1E=================通信协议类型
611001301215========通信地址
FFFFFFFFFFFF========通信密码
01==================电能费率个数
09==================有功电能示值整数位及小数位个数
000000000000========所属采集器通信地址
50==================用户大类号及用户小类号